# [1] m:            [M_sun/h] 
# [2] sigma 
# [3] ln(1/sigma) 
# [4] n_eff 
# [5] f(sigma) 
# [6] dn/dm:        [h^4/(Mpc^3*M_sun)] 
# [7] dn/dlnm:      [h^3/Mpc^3] 
# [8] dn/dlog10m:   [h^3/Mpc^3] 
# [9] n(>m):        [h^3/Mpc^3] 
# [11] rho(>m):     [M_sun*h^2/Mpc^3] 
# [11] rho(<m):     [M_sun*h^2/Mpc^3] 
# [12] Lbox(N=1):   [Mpc/h]
1.000000000000000000e+10 3.714092303551908003e+00 -1.312134315489728698e+00 -2.361242218390441128e+00 2.647885837649905372e-01 2.124122837082059062e-11 2.124122837082059179e-01 4.890973580353369932e-01 2.315855509383172584e-01 2.968929985528261185e+10 4.566281014471739197e+10 1.628406573480449593e+00
1.122018454301965332e+10 3.668678695828151870e+00 -1.299831568856000485e+00 -2.356394020342361451e+00 2.651944400629870358e-01 1.702662819307631439e-11 1.910419104716975236e-01 4.398902551892338586e-01 2.083608606077030911e-01 2.944363426972629929e+10 4.590847573027369690e+10 1.686791041459682283e+00
1.258925411794171333e+10 3.623480653200523260e+00 -1.287435070295465778e+00 -2.351505963623462314e+00 2.656059661645957526e-01 1.364859604566893559e-11 1.718256439720606266e-01 3.956431664041690222e-01 1.874725250678681010e-01 2.919572171463159180e+10 4.615638828536840820e+10 1.747246276704341517e+00
1.412537544622761154e+10 3.578499810941914383e+00 -1.274943665364856482e+00 -2.346529688066314456e+00 2.660230738410002682e-01 1.094181421826772343e-11 1.545572338959030623e-01 3.558811827831004360e-01 1.686844163381864548e-01 2.894552652255789185e+10 4.640658347744210815e+10 1.809846236690359156e+00
1.584893192461123848e+10 3.533738348174689570e+00 -1.262356332722650576e+00 -2.341474016061691366e+00 2.664456501271081912e-01 8.772547288060513279e-12 1.390355047739040006e-01 3.201410806892938665e-01 1.517838597513766763e-01 2.869300528467852020e+10 4.665910471532147980e+10 1.874669883535772019e+00
1.778279410038937378e+10 3.489197807247922611e+00 -1.249671855136949894e+00 -2.336369787180621493e+00 2.668735664311497890e-01 7.033571015121551917e-12 1.250765451523732363e-01 2.879993883510513220e-01 1.365803480253681146e-01 2.843812208422349930e+10 4.691398791577650452e+10 1.941797458475269522e+00
1.995262314968899155e+10 3.444879311398106658e+00 -1.236888870876076796e+00 -2.331230172041795168e+00 2.673066748846489871e-01 5.639370685713575053e-12 1.125202380934461621e-01 2.590874228941099089e-01 1.229031777442391310e-01 2.818084939582562256e+10 4.717126060417437744e+10 2.011309767481717969e+00
2.238721138568365097e+10 3.400784238500401901e+00 -1.224006063407031997e+00 -2.326009928735548904e+00 2.677447997257081935e-01 4.521876645773179972e-12 1.012322083289103336e-01 2.330957738290166392e-01 1.105985978261610214e-01 2.792115344398437500e+10 4.743095655601562500e+10 2.083291905006695366e+00
2.511886431509613037e+10 3.356914815411106812e+00 -1.211022342463283552e+00 -2.320692310577221917e+00 2.681877286431976204e-01 3.626182020595054183e-12 9.108557415716828087e-02 2.097322852410993810e-01 9.952789634940817365e-02 2.765898841455222702e+10 4.769312158544776917e+10 2.157835788407124422e+00
2.818382931264495468e+10 3.313272846262792282e+00 -1.197936476178643739e+00 -2.315317312196524036e+00 2.686352226536299903e-01 2.908013844859775320e-12 8.195896584233629267e-02 1.887174929857717565e-01 8.956665189373644309e-02 2.739431295390003967e+10 4.795779704609996033e+10 2.235036157206141461e+00
3.162277660168431091e+10 3.269859583811669079e+00 -1.184747043256805910e+00 -2.309902960356768453e+00 2.690870149860962179e-01 2.332099484310590917e-12 7.374746100525700343e-02 1.698098043568644633e-01 8.060346946017057923e-02 2.712709697593568802e+10 4.822501302406431580e+10 2.314988056459538868e+00
3.548133892335818481e+10 3.226676217871203622e+00 -1.171452572700045547e+00 -2.304421799754767353e+00 2.695428032655265427e-01 1.870328410068849598e-12 6.636175621563850102e-02 1.528035906070341898e-01 7.253813458607315245e-02 2.685730863856101227e+10 4.849480136143898773e+10 2.397790337079773959e+00
3.981071705535050964e+10 3.183724862646736931e+00 -1.158051851763041373e+00 -2.298830311591653519e+00 2.700022356193805817e-01 1.500149912114125469e-12 5.972204369178438221e-02 1.375150875278418061e-01 6.528016763270128031e-02 2.658490238287483978e+10 4.876720761712516022e+10 2.483550029560789518e+00
4.466835921509725952e+10 3.141007611698467539e+00 -1.144543643889602391e+00 -2.293167586774802480e+00 2.704649167814229815e-01 1.203293478738598079e-12 5.374914534947969336e-02 1.237619808428821883e-01 5.874824092343321202e-02 2.630983191142797852e+10 4.904227808857202148e+10 2.572379525748979656e+00
5.011872336272837830e+10 3.098525865593243722e+00 -1.130926471164186431e+00 -2.287456520659270076e+00 2.709304117063592310e-01 9.651910686855809480e-13 4.837414416362879888e-02 1.113855832375166000e-01 5.286955182142326348e-02 2.603206321516950226e+10 4.932004678483049774e+10 2.664392016663339025e+00
5.623413251903628540e+10 3.056280753626023028e+00 -1.117198736726540131e+00 -2.281693329055031860e+00 2.713982371565366591e-01 7.742141235964542832e-13 4.353725962443254910e-02 1.002482450010299397e-01 4.757870611545962636e-02 2.575156630699285507e+10 4.960054369300714111e+10 2.759703710735735172e+00
6.309573444802097321e+10 3.014274147206072563e+00 -1.103359053999558137e+00 -2.275816282555898518e+00 2.718678459507727907e-01 6.210846124920522726e-13 3.918778977955054282e-02 9.023322057377751448e-02 4.281666947608946117e-02 2.546829869654531860e+10 4.988381130345468140e+10 2.858439727556008059e+00
7.079457843841575623e+10 2.972508370689607826e+00 -1.089406165622436973e+00 -2.269846482924974485e+00 2.723386250095767291e-01 4.982732694235568807e-13 3.527504605597186343e-02 8.122379520315922696e-02 3.853024408166606102e-02 2.518221030493810272e+10 5.016989969506189728e+10 2.960734151797495439e+00
7.943282347243049622e+10 2.930985014302515790e+00 -1.075338548888157053e+00 -2.263819168787725378e+00 2.728099035146920315e-01 3.997503056748216606e-13 3.175329546371823825e-02 7.311466478819307613e-02 3.467178258188226975e-02 2.489326258988954544e+10 5.045884741011045837e+10 3.066723419700893682e+00
8.912509381337731934e+10 2.889705265431912640e+00 -1.061154512643975645e+00 -2.257748934562117782e+00 2.732809437956921217e-01 3.207039773361897949e-13 2.858277206641115023e-02 6.581426487656492907e-02 3.119855934026333211e-02 2.460142742007082748e+10 5.075068257992916870e+10 3.176546033166721017e+00
1.000000000000032654e+11 2.848670698884830710e+00 -1.046852464028323437e+00 -2.251571783921746839e+00 2.737509262616371619e-01 2.573060021404049137e-13 2.573060021404133257e-02 5.924689648664097780e-02 2.807203030618319814e-02 2.430666761556966400e+10 5.104544238443033600e+10 3.290349709156098701e+00
1.122018454302001953e+11 2.807883735698321725e+00 -1.032431080640527910e+00 -2.245277647506623175e+00 2.742189374858131079e-01 2.064566251516906883e-13 2.316481434331078143e-02 5.333895618888206264e-02 2.525738398929513323e-02 2.400893214141022873e+10 5.134317785858976746e+10 3.408295263609785852e+00
1.258925411794212494e+11 2.767346222146506829e+00 -1.017888818436776921e+00 -2.238916054641925779e+00 2.746839795032232079e-01 1.656571017773339521e-13 2.085499350716659220e-02 4.802039716408940812e-02 2.272340015547085618e-02 2.370817866278159332e+10 5.164393133721840668e+10 3.530548873842162649e+00
1.412537544622807312e+11 2.727059468707625722e+00 -1.003223910999207602e+00 -2.232509641017609514e+00 2.751449618879460157e-01 1.329164278841366945e-13 1.877494446834928818e-02 4.323090725461209427e-02 2.044211754500332989e-02 2.340438021813267136e+10 5.194772978186732483e+10 3.657278556275737724e+00
1.584893192461175842e+11 2.687024800013613213e+00 -9.884345592199438313e-01 -2.226013176835671903e+00 2.756006872662840612e-01 1.066493052810100614e-13 1.690277579205865660e-02 3.892007956901488708e-02 1.838834287441266577e-02 2.309750659627210999e+10 5.225460340372789001e+10 3.788661478661716320e+00
1.778279410038995667e+11 2.647244553745764062e+00 -9.735193080010726696e-01 -2.219379298806380962e+00 2.760498312880946270e-01 8.557988876295542731e-14 1.521849541005912583e-02 3.504188066900044973e-02 1.653929386846229171e-02 2.278751053616784668e+10 5.256459946383215332e+10 3.924891709368803827e+00
1.995262314968964539e+11 2.607720877937849568e+00 -9.584766130062080114e-01 -2.212663680638319974e+00 2.764909472475174379e-01 6.867289713024325929e-14 1.370204437037147310e-02 3.155012311076034470e-02 1.487449377396827914e-02 2.247434796977220154e+10 5.287776203022779846e+10 4.066173777117006338e+00
2.238721138568438416e+11 2.568455218155735409e+00 -9.433046357549867977e-01 -2.205892214620130964e+00 2.769224617650772879e-01 5.510383246691679655e-14 1.233621145598204523e-02 2.840517660256663274e-02 1.337561128113511077e-02 2.215799286732103348e+10 5.319411713267897034e+10 4.212715400386027653e+00
2.511886431509695129e+11 2.529448775813501360e+00 -9.280014038286563682e-01 -2.199051416742817011e+00 2.773426586128343030e-01 4.421457750200618801e-14 1.110619973022231727e-02 2.557296993862440138e-02 1.202615761760534099e-02 2.183842370355310440e+10 5.351368629644689941e+10 4.364733207964893502e+00
2.818382931264587402e+11 2.490703644202546752e+00 -9.125652585892898294e-01 -2.192064598518336904e+00 2.777496550927535113e-01 3.547924209805832759e-14 9.999409034337157151e-03 2.302449018121472540e-02 1.081122111460936820e-02 2.151560313772800446e+10 5.383650686227199554e+10 4.522463635138678661e+00
3.162277660168534546e+11 2.452222240160220501e+00 -8.969946502474226424e-01 -2.184970324783294338e+00 2.781413968715865104e-01 2.846972162055790174e-14 9.002916467190738917e-03 2.072998125082401583e-02 9.717359328808404181e-03 2.118948867089551163e+10 5.416262132910449219e+10 4.686161437283235642e+00
3.548133892335934448e+11 2.414006172779490811e+00 -8.812876797472530832e-01 -2.177808719088067058e+00 2.785156568050869419e-01 2.284371054497881799e-14 8.105254361135112370e-03 1.866303786687469046e-02 8.732533850865940861e-03 2.086005638640901184e+10 5.449205361359098816e+10 4.856088288703269917e+00
3.981071705535180664e+11 2.376056656941760270e+00 -8.654422467303076738e-01 -2.170594329757697949e+00 2.788700159761107744e-01 1.832791192382592777e-14 7.296473158148426147e-03 1.680075032538375437e-02 7.845939146059483643e-03 2.052729651405513000e+10 5.482481348594487000e+10 5.032514345456743143e+00
4.466835921509872437e+11 2.338375448511524457e+00 -8.494564354917026883e-01 -2.163238674851545085e+00 2.792018400203859496e-01 1.470496660667880745e-14 6.568467306331603021e-03 1.512445490337790445e-02 7.047809015340446293e-03 2.019118788853560257e+10 5.516092211146440125e+10 5.215732277505846781e+00
5.011872336273001709e+11 2.300965101476707186e+00 -8.333286442614239453e-01 -2.155743601142432020e+00 2.795082631062596468e-01 1.179813007342039031e-14 5.913072173472620936e-03 1.361535184043595990e-02 6.329313846745102459e-03 1.985169572930218124e+10 5.550041427069781494e+10 5.406063254493656878e+00
5.623413251903812256e+11 2.263827452615708058e+00 -8.170569439275765511e-01 -2.148169567832409310e+00 2.797861855103467854e-01 9.465064684081334361e-15 5.322597017458974462e-03 1.225573254841560468e-02 5.682536737023816294e-03 1.950880209414654922e+10 5.584330790585345459e+10 5.603842439952597232e+00
6.309573444802304688e+11 2.226963811487548295e+00 -8.006391382498669884e-01 -2.140545856440082328e+00 2.800322531504517709e-01 7.592327475300045331e-15 4.790434782239609557e-03 1.103038371854510313e-02 5.100383830349801070e-03 1.916251193159389877e+10 5.618959806840609741e+10 5.809414708081160228e+00
7.079457843841807861e+11 2.190375606355268179e+00 -7.840730388735576151e-01 -2.132800666107843135e+00 2.802428339265136681e-01 6.089724130629910092e-15 4.311194526342065382e-03 9.926892249352765527e-03 4.576451931152357086e-03 1.881282685310348892e+10 5.653928314689651489e+10 6.023150268533145280e+00
7.943282347243309326e+11 2.154065338432460841e+00 -7.673569118082489426e-01 -2.124885408527031228e+00 2.804139952952047765e-01 4.884372505984910658e-15 3.879794990415050531e-03 8.933558108802672898e-03 4.104940672198472730e-03 1.845972987904504776e+10 5.689238012095495605e+10 6.245459145156055492e+00
8.912509381338023682e+11 2.118035134955504883e+00 -7.504888357835989288e-01 -2.116876485201855118e+00 2.805414953556202295e-01 3.917082547694135588e-15 3.491103495379942970e-03 8.038562866561264550e-03 3.680637647814376419e-03 1.810321602558398056e+10 5.724889397441601562e+10 6.476777513142504716e+00
1.000000000000065430e+12 2.082286418964831132e+00 -7.334665298783830112e-01 -2.108806190309739037e+00 2.806207618142299576e-01 3.140769956596313647e-15 3.140769956596519297e-03 7.231890082582702328e-03 3.298876324085779112e-03 1.774330935611764526e+10 5.760880064388235474e+10 6.717556408933737622e+00
1.122018454302038818e+12 2.046820405326109871e+00 -7.162875672786785941e-01 -2.100643271054760675e+00 2.806468665933633533e-01 2.517887684300893322e-15 2.825116447645428016e-03 6.505071018320656047e-03 2.955452296563196649e-03 1.738004186082553864e+10 5.797206813917446136e+10 6.968276077033207727e+00
1.258925411794253662e+12 2.011639345728206241e+00 -6.989499845438599257e-01 -2.092293200259695674e+00 2.806145047462904052e-01 2.018365768445158381e-15 2.540971956191246349e-03 5.850804148041883687e-03 2.646555417404134348e-03 1.701342846706298256e+10 5.833868153293701935e+10 7.229467936137092821e+00
1.412537544622853760e+12 1.976745653351503318e+00 -6.814518830801803428e-01 -2.083820321445344792e+00 2.805179789481895836e-01 1.617653580662055571e-15 2.284996416878747310e-03 5.261398687049812471e-03 2.368750346526843006e-03 1.664348723696077347e+10 5.870862276303923035e+10 7.501709397812476254e+00
1.584893192461227539e+12 1.942140872727702527e+00 -6.637909072627963258e-01 -2.075271323865898410e+00 2.803511748100971368e-01 1.296166740443834161e-15 2.054285843224091558e-03 4.730167959356496553e-03 2.118961180366686365e-03 1.627026888244403648e+10 5.908184111755596161e+10 7.785604408809494892e+00
1.778279410039053711e+12 1.907826155313681493e+00 -6.459644553077487084e-01 -2.066657218336124480e+00 2.801075348245892771e-01 1.038269584856941143e-15 1.846333424820894523e-03 4.251339820689234265e-03 1.894423485865543875e-03 1.589384685578920937e+10 5.945826314421079254e+10 8.081791529817344610e+00
1.995262314969029785e+12 1.873803367718890112e+00 -6.279702518003279499e-01 -2.057856871990215719e+00 2.797800442615145378e-01 8.315297404109801352e-16 1.659119954818008644e-03 3.820264875452901877e-03 1.692633368461991415e-03 1.551428434060416603e+10 5.983782565939583588e+10 8.390973842319040088e+00
2.238721138568511719e+12 1.840075089202203973e+00 -6.098063801372393122e-01 -2.048891927815502889e+00 2.793612202735962780e-01 6.657944248104730214e-16 1.490528052764269595e-03 3.432067674984449861e-03 1.511325054701058348e-03 1.513163751579975700e+10 6.022047248420024109e+10 8.713929446499479425e+00
2.511886431509777344e+12 1.806643042894926054e+00 -5.914704508095377511e-01 -2.039837226284765492e+00 2.788430783839394578e-01 5.329039019034344215e-16 1.338594080489854390e-03 3.082226775306010774e-03 1.348467693443797504e-03 1.474599636408194160e+10 6.060611363591806030e+10 9.051484623239158367e+00
2.818382931264679688e+12 1.773508420021308929e+00 -5.729597429063751912e-01 -2.030730595398965388e+00 2.782171100614389547e-01 4.263561254785489071e-16 1.201634826688884267e-03 2.766866439156308744e-03 1.202240363082240091e-03 1.435748904505858040e+10 6.099462095494142151e+10 9.404511282860523735e+00
3.162277660168638184e+12 1.740672663395766540e+00 -5.542716266789751156e-01 -2.021460078550125772e+00 2.774742776288695034e-01 3.409929854060940077e-16 1.078314500023901546e-03 2.482910893314363519e-03 1.070995929770473870e-03 1.396624547517546654e+10 6.138586452482453156e+10 9.773963808186007185e+00
3.548133892336050781e+12 1.708138319797917637e+00 -5.354040755756345193e-01 -2.011980445376550186e+00 2.766050315489748668e-01 2.726275767983093065e-16 9.673191452235308050e-04 2.227334643959444881e-03 9.532397913386292127e-04 1.357238209542736435e+10 6.177972790457263184e+10 1.016091018086539677e+01
3.981071705535311035e+12 1.675907360164246684e+00 -5.163547261671993516e-01 -2.002395340471074370e+00 2.755992720036158916e-01 2.178616068564335282e-16 8.673226787786052780e-04 1.997084270971279801e-03 8.476293184653615293e-04 1.317604666481386185e+10 6.217606333518614197e+10 1.056650452433017406e+01
4.466835921510018555e+12 1.643981044524989832e+00 -4.971207664732277265e-01 -1.992749667171835659e+00 2.744463307519771633e-01 1.739959004289045773e-16 7.772111382313113626e-04 1.789594781000352318e-03 7.529623421660711167e-04 1.277743761637754822e+10 6.257467238362245178e+10 1.099197118406490858e+01
5.011872336273166016e+12 1.612360476164146350e+00 -4.776992395343330755e-01 -1.982980207159383390e+00 2.731349817266892077e-01 1.388835786249031991e-16 6.960667656727715638e-04 1.602752958366703527e-03 6.681536486818950892e-04 1.237677212971161842e+10 6.297533787028838348e+10 1.143864421164000689e+01
5.623413251903997070e+12 1.581047935998563858e+00 -4.580878778173841370e-01 -1.972970433196489015e+00 2.716535136380306414e-01 1.108006838226945392e-16 6.230780337285652965e-04 1.434690192235435870e-03 5.922175699168419349e-04 1.197425590337883186e+10 6.337785409662117004e+10 1.190802041980031767e+01
6.309573444802510742e+12 1.550045667928608761e+00 -4.382843936768718307e-01 -1.962824348795574769e+00 2.699897177426816008e-01 8.833721538037576676e-17 5.573701483518188511e-04 1.283392194874777943e-03 5.242655102390868715e-04 1.157011807459277916e+10 6.378199192540721893e+10 1.240174804873269743e+01
7.079457843842039062e+12 1.519354989997417915e+00 -4.182858961108929519e-01 -1.952598848538808385e+00 2.681308644024630317e-01 7.037266901534014262e-17 4.982003436527493445e-04 1.147148684619331456e-03 4.635019882517344130e-04 1.116464687295702744e+10 6.418746312704296875e+10 1.292159523723190695e+01
7.943282347243568359e+12 1.488976821188082944e+00 -3.980891868836532455e-01 -1.942294091980417914e+00 2.660637526410121745e-01 5.601377078749835374e-17 4.449331966988831510e-04 1.024496546097036038e-03 4.092108574838254479e-04 1.075817047088687897e+10 6.459393952911312103e+10 1.346948374758990852e+01
8.912509381338316406e+12 1.458912989804235893e+00 -3.776916308906312914e-01 -1.931743109399048919e+00 2.637748552992219553e-01 4.455056987999445473e-17 3.970573719994188212e-04 9.142583858292532449e-04 3.607419841856684354e-04 1.035101542663450432e+10 6.500109457336549377e+10 1.404756671831043313e+01
1.000000000000098242e+13 1.429165913118666920e+00 -3.570909965599030067e-01 -1.921001459352838392e+00 2.612504021843790047e-01 3.540152678141141162e-17 3.540152678141489004e-04 8.151502783611540596e-04 3.175067675809084534e-04 9.943519446027437210e+09 6.540859055397256470e+10 1.465825720194273174e+01
1.122018454302075391e+13 1.399737007249773457e+00 -3.362843670103751736e-01 -1.910164244027256819e+00 2.584763464945339373e-01 2.810127508362807050e-17 3.153014923324979398e-04 7.260085160435862184e-04 2.789777977207901090e-04 9.536083138191787720e+09 6.581602686180821228e+10 1.530418191951109641e+01
1.258925411794294922e+13 1.370627134193083130e+00 -3.152683972836201054e-01 -1.899279923609984211e+00 2.554384828181802125e-01 2.227959958527084327e-17 2.804835408249910103e-04 6.458372199338111973e-04 2.446816543213553010e-04 9.129169177932132721e+09 6.622294082206787109e+10 1.598819846508587439e+01
1.412537544622899805e+13 1.341837574071589545e+00 -2.940399984908978470e-01 -1.888173228701517825e+00 2.521226721000547344e-01 1.764384345567663709e-17 2.492259131259229646e-04 5.738638723515792966e-04 2.141891270142206932e-04 8.723252889617998123e+09 6.662885711038200378e+10 1.671350464564151395e+01
1.584893192461279492e+13 1.313370713210472385e+00 -2.725968960720875356e-01 -1.876812091197138654e+00 2.485151188862425586e-01 1.395562856806044356e-17 2.211818071403715024e-04 5.092899319629034518e-04 1.871102819063587329e-04 8.318809286778909683e+09 6.703330071322109222e+10 1.748373098812672666e+01
1.778279410039111719e+13 1.285228138289054023e+00 -2.509362421134625487e-01 -1.865338096154870229e+00 2.446023574927647382e-01 1.102227595030190284e-17 1.960068637419115785e-04 4.513224825766407435e-04 1.630949715428702364e-04 7.916372380726199150e+09 6.743573761927380371e+10 1.830289589780386450e+01
1.995262314969094922e+13 1.257410701880677939e+00 -2.290546080493238434e-01 -1.853819009838097998e+00 2.403714419810453751e-01 8.691209878156717062e-18 1.734124354137323715e-04 3.992968887234529503e-04 1.418294872603679862e-04 7.516552502574178696e+09 6.783555749742581940e+10 1.917540251351960734e+01
2.238721138568585156e+13 1.229919175565296063e+00 -2.069484563027453317e-01 -1.842133765290813630e+00 2.358102681757637265e-01 6.841719566915717235e-18 1.531670221861252301e-04 3.526801020240602795e-04 1.230300624916802260e-04 7.119988894047154427e+09 6.823212110595284271e+10 2.010618087441696034e+01
2.511886431509859375e+13 1.202755647124923222e+00 -1.846152967640575793e-01 -1.830139079012676806e+00 2.309081213870071703e-01 5.376722334460090368e-18 1.350571587792631797e-04 3.109806005072613560e-04 1.064385449283972461e-04 6.727313806439464569e+09 6.862479619356053162e+10 2.110086976588960184e+01
2.818382931264771875e+13 1.175921925021302439e+00 -1.620524569844942753e-01 -1.818001864463417938e+00 2.256557815959376045e-01 4.217037123128928010e-18 1.188522544833646856e-04 2.736674294421303014e-04 9.182234417966251563e-05 6.339201915724519730e+09 6.901290808427548218e+10 2.216582370153347270e+01
3.162277660168741406e+13 1.149418831733846957e+00 -1.392564509261824679e-01 -1.805796945060493597e+00 2.200457183721981347e-01 3.300162065237220716e-18 1.043602877383599910e-04 2.402984428469170236e-04 7.897319737243639213e-05 5.956404413331784248e+09 6.939570558666821289e+10 2.330809392356482590e+01
3.548133892336166406e+13 1.123246780097517439e+00 -1.162234023693362317e-01 -1.793498771606791165e+00 2.140725503282952802e-01 2.576516446007573363e-18 9.141825326240997016e-05 2.104983071895795085e-04 6.770327862152403101e-05 5.579712769430066109e+09 6.977239723056993103e+10 2.453560472907839696e+01
3.981071705535441406e+13 1.097407311415012909e+00 -9.295040810916486984e-02 -1.780871468003964342e+00 2.077338334560938082e-01 2.006785241582311280e-18 7.989155944349444409e-05 1.839571138306380044e-04 5.784189309601863859e-05 5.209907109699604988e+09 7.014220289030039978e+10 2.585745835191051256e+01
4.466835921510164844e+13 1.071902387536799006e+00 -6.943500210048463017e-02 -1.768032062653559056e+00 2.010304291318761871e-01 1.558853751393432741e-18 6.963143933105062219e-05 1.603323142073964658e-04 4.923465739506780868e-05 4.847775959353713989e+09 7.050433404064628601e+10 2.728410381105173954e+01
5.011872336273329688e+13 1.046732813107112747e+00 -4.567370649128611043e-02 -1.755105281829405950e+00 1.939665713851465301e-01 1.207267976745312803e-18 6.050672975118506444e-05 1.393218939508980645e-04 4.174330219111047660e-05 4.494165537701173782e+09 7.085794446229882812e+10 2.882732865088657093e+01
5.623413251904180469e+13 1.021898796273494225e+00 -2.166246170549038924e-02 -1.742152188283396130e+00 1.865504326329897322e-01 9.318983153039103517e-19 5.240449335707189935e-05 1.206658052098992566e-04 3.524360971209057034e-05 4.149961229151488304e+09 7.120214877084851074e+10 3.050047050743987498e+01
6.309573444802717188e+13 9.974011738222609003e-01 2.602208988653000998e-03 -1.728892908765664371e+00 1.787949634023029977e-01 7.169379831014724040e-19 4.523572859747469407e-05 1.041591143392696909e-04 2.962298672336136901e-05 3.816022911666924477e+09 7.153608708833306885e+10 3.231893581219072331e+01
7.079457843842270312e+13 9.732418577089420042e-01 2.712265861036742415e-02 -1.715328633315662765e+00 1.707185798839801205e-01 5.495623872655683686e-19 3.890603753207911208e-05 8.958446204883222051e-05 2.477939731365884189e-05 3.493170660565120697e+09 7.185893933943487549e+10 3.430070819970903528e+01
7.943282347243828125e+13 9.494217084232886572e-01 5.190220771313257264e-02 -1.701658795623586906e+00 1.623449305361129857e-01 4.195384209947619122e-19 3.332512133478241466e-05 7.673392760768783110e-05 2.062143757224585720e-05 3.182238491780415058e+09 7.216987150821958923e+10 3.646646683562534719e+01
8.912509381338607812e+13 9.259408056001271481e-01 7.694497121711287024e-02 -1.687989943553975358e+00 1.537032834004154747e-01 3.188338888624957405e-19 2.841610025575664215e-05 6.543048884992954610e-05 1.706732716080543971e-05 2.884071217205066204e+09 7.246803878279493713e+10 3.883990528538297582e+01
1.000000000000130938e+14 9.027992613801881783e-01 1.022550521824359820e-01 -1.674094231055354154e+00 1.448290715176527022e-01 2.411640530980054379e-19 2.411640530980370184e-05 5.553007536295646098e-05 1.404331305548330292e-05 2.599458567372516155e+09 7.275265143262748718e+10 4.144862622948636499e+01
1.122018454302112188e+14 8.799986413098278559e-01 1.278349154771815654e-01 -1.659798262454547757e+00 1.357646435229165061e-01 1.815101968471733530e-19 2.036577905065375604e-05 4.689393924924576876e-05 1.148271269017825836e-05 2.329093715883668423e+09 7.302301628411633301e+10 4.432531532993896661e+01
1.258925411794336094e+14 8.575399372323075919e-01 1.536875269947330924e-01 -1.645370286367844326e+00 1.265585252601199306e-01 1.358489138849549668e-19 1.710236498544302224e-05 3.937965067042443812e-05 9.325872942186512671e-06 2.073613945460777044e+09 7.327849605453923035e+10 4.750837420578530867e+01
1.412537544622946250e+14 8.354230877514864373e-01 1.798169905383379119e-01 -1.630922551206853921e+00 1.172649891610211548e-01 1.010509852233865099e-19 1.427383105491720012e-05 3.286671060696782034e-05 7.519713910251714511e-06 1.833610181367826939e+09 7.351849981863217163e+10 5.104261242107801166e+01
1.584893192461331250e+14 8.136476160922524459e-01 2.062279107731844474e-01 -1.616369095321699367e+00 1.079438732954697000e-01 7.467279700040584863e-20 1.183484076279901382e-05 2.725072791837929170e-05 6.016777947118043656e-06 1.609572791697691441e+09 7.374253720830230713e+10 5.498092034444815113e+01
1.778279410039170000e+14 7.922144324444524432e-01 2.329231757774214984e-01 -1.601365176112144129e+00 9.866070222171083315e-02 5.480153294824278730e-20 9.745243768044331846e-06 2.243925302789200404e-05 4.774528423461267106e-06 1.401840904688655376e+09 7.395026909531134033e+10 5.938678832137093622e+01
1.995262314969160312e+14 7.711246435651926134e-01 2.599052536794567714e-01 -1.586144212245938157e+00 8.948524520100797908e-02 3.991174479441779587e-20 7.963440031296839213e-06 1.833649830501614170e-05 3.755134640138567952e-06 1.210617440457020998e+09 7.414149255954298401e+10 6.433660833616153241e+01
2.238721138568658125e+14 7.503780290106606410e-01 2.871781607557275517e-01 -1.570877599994942475e+00 8.048958046611429107e-02 2.882393419491412121e-20 6.452875077886622200e-06 1.485829396129452957e-05 2.925264833480804686e-06 1.035993188380242586e+09 7.431611681161975098e+10 6.992163954944295767e+01
2.511886431509941875e+14 7.299737091194197225e-01 3.147467603931570213e-01 -1.555635171569603958e+00 7.174683385162666793e-02 2.062641790376456914e-20 5.181121926311995646e-06 1.192997411251059678e-05 2.255558131635679492e-06 8.779173961909998655e+08 7.447419260380900574e+10 7.625154689146886255e+01
2.818382931264864375e+14 7.099117082936604595e-01 3.426146711954111135e-01 -1.539957622931715120e+00 6.333002977530011179e-02 1.461905570238111569e-20 4.120209706280121643e-06 9.487133449689984439e-06 1.720130442580667079e-06 7.361546084842044115e+08 7.461595539151579285e+10 8.346022272205966885e+01
3.162277660168845000e+14 6.901930596459793232e-01 3.707839239382217933e-01 -1.523921678387713641e+00 5.531001274662485090e-02 1.025315040326423572e-20 3.242330846659367869e-06 7.465742674072624552e-06 1.296308539486603633e-06 6.102867928441367149e+08 7.474182320715586853e+10 9.171292388565788656e+01
3.548133892336283125e+14 6.708174586397377404e-01 3.992582227770499204e-01 -1.507821944126108704e+00 4.775219107640069766e-02 7.108175142398780507e-21 2.522075713540739748e-06 5.807293941401228720e-06 9.644826240997587832e-07 4.997522735165523291e+08 7.485235772648344421e+10 1.012127435572054708e+02
3.981071705535571875e+14 6.517837488870031892e-01 4.280424455574914355e-01 -1.491831202919642774e+00 4.071446697299541811e-02 4.865672480829731876e-21 1.937059104183431696e-06 4.460243417541170550e-06 7.077941901261997756e-07 4.038482602025045156e+08 7.494826173979750061e+10 1.122098552639151734e+02
4.466835921510310625e+14 6.330909826211824631e-01 4.571411347475455855e-01 -1.475514748585351033e+00 3.424539471603655488e-02 3.286015222268696269e-21 1.467809083345950035e-06 3.379755314673639505e-06 5.117942218208303183e-07 3.217148569153198004e+08 7.503039514308468628e+10 1.250167507594958636e+02
5.011872336273493750e+14 6.147398107501780284e-01 4.865561726467368397e-01 -1.458672034742397816e+00 2.838248349268484780e-02 2.187205652465719823e-21 1.096199550333395812e-06 2.524092743544453445e-06 3.641980203653786298e-07 2.523467493126733005e+08 7.509976325068733215e+10 1.400299089401399897e+02
5.623413251904365000e+14 5.967299530137682995e-01 5.162906079365776613e-01 -1.441743193259520606e+00 2.314950611977285508e-02 1.432599945133250307e-21 8.056101516139785458e-07 1.854985925871020183e-06 2.547210536299922444e-07 1.946422917296777964e+08 7.515746770827032471e+10 1.577532756397044693e+02
6.309573444802923750e+14 5.790599939275307140e-01 5.463491903218079537e-01 -1.424922392729871312e+00 1.855532684611082769e-02 9.219656345786839895e-22 5.817209884958540214e-07 1.339462076392314233e-06 1.748598535734092387e-07 1.474353247667661905e+08 7.520467467523323059e+10 1.788284572335369660e+02
7.079457843842502500e+14 5.617281229251825936e-01 5.767373131785131779e-01 -1.407977629636269601e+00 1.459366190294920408e-02 5.821804453800820321e-22 4.121521920577743227e-07 9.490154934770501402e-07 1.176479143266753702e-07 1.095104509498920888e+08 7.524259954905010986e+10 2.040822604168549219e+02
7.943282347244088750e+14 5.447342393767330426e-01 6.074572374222325655e-01 -1.390383450988005309e+00 1.124373499215768589e-02 3.602277761726499378e-22 2.861390935459205021e-07 6.588596113216653973e-07 7.745103670670765385e-08 7.963039320202308893e+07 7.527247960679797363e+10 2.345979727534013932e+02
8.912509381338898750e+14 5.280781441031047185e-01 6.385110060315498659e-01 -1.372605152139057871e+00 8.470790641136817858e-03 2.179520972326344600e-22 1.942500111268342330e-07 4.472771799345760288e-07 4.979761692530173335e-08 5.658071824665017426e+07 7.529552928175335693e+10 2.718089878330621332e+02
